4962
17295
4981
17291
3647
17267
17264
3670
3681
18556
18569
12438
11113
11115
9822
9816
9831
12409
9825
9827
13733
8512
13701
9856
12398
9874
8551
7223
12374
9886
24358
11046
7231
9890
8560
12356
12353
12359
8586
13693
7256
12360
12361
8582
12367
8599
8592
14998
11014
17201
20830
3707
3708
18528
16072
13808
3772
13811
3781
3773
3791
3796
16039
3799
16042
16018
16021
11223
11225
13887
9900
11200
13873
13871
12546
11214
12544
8609
12529
9947
9961
13823
8628
13821
9974
13839
8637
9984
9977
9998
6007
6017
11178
8696
8694
6036
8699
7369
12471
8691
12474
11148
7374
6047
7379
12489
6053
6055
7388
6050
6051
6064
24443
6060
7394
12465
11133
13799
18650
6071
6089
6083
6084
17339
3814
18614
3845
3859
3852
3869
3880
3881
3882
13925
13935
3885
13931
13901
3895
16180
16153
16132
17464
10018
11355
10024
8702
11326
8706
8722
11338
12631
13960
7410
7424
12615
12618
7414
12612
12613
12611
8761
7430
6104
6103
13953
6106
7439
6122
6121
6123
6125
6119
7461
6130
6132
11283
11286
6127
6147
6154
6156
6163
11279
6188
6182
6181
12584
4969
4968
3643
4984
3655
3656
3659
3667
3697
11105
11118
11110
13731
12401
12402
7201
7213
12375
12382
7243
13685
8588
13670
3709
3700
3728
3750
11099
13810
16057
16050
3786
16045
16013
11227
12565
13860
9932
8610
8614
9959
9972
8641
7326
8670
11145
6048
12486
11122
6087
6081
6099
6092
16194
3872
3877
13906
13918
17460
17476
8720
10007
8717
13969
11305
11301
13976
8752
13949
7431
13955
7444
11280
11264
4961
17292
3662
3665
18576
17253
17229
12443
8503
11065
11068
7212
11078
9882
8555
7216
9898
12368
14992
7269
14993
11002
13667
11017
3733
17377
18679
17359
12553
9902
12566
11207
12538
9953
8623
9944
13850
8630
7313
7305
9978
9992
6013
12492
6023
6029
11158
7389
13792
11138
17325
6086
6085
3870
3884
13930
16182
17478
11352
11334
7402
8724
7413
7420
8745
8766
12622
7441
7450
7454
18708
6118
6135
7472
11291
11296
7471
6168
6167
11276
6176
11246
11252
6197
3918
3946
18738
17407
3990
12729
16270
16256
3640
17281
4963
4964
3634
4966
4980
3650
3649
3641
4979
4990
4992
3652
4983
3658
4989
17273
4994
3664
4995
3666
4997
4998
3682
18572
17241
17249
3691
3692
17250
3688
18555
3696
18560
17238
11108
12439
13767
12436
11103
12435
13766
12440
13778
11114
12446
12416
13748
12414
9810
13758
9808
12424
9806
13726
9819
12408
13734
13732
13705
13708
8505
9835
8507
9854
13718
9846
13711
12391
9860
9865
11063
11062
12394
11069
8529
8541
11070
11074
11073
7215
9875
7214
8539
7207
9884
9888
8557
7218
12376
12380
8563
8561
11052
7235
7234
11054
7236
8572
8578
13682
12352
11021
13680
8577
11020
12350
11022
11024
12357
12358
8585
8583
8584
8587
7258
8581
8580
12365
13699
8596
8594
13661
8598
13662
11005
13668
7275
13671
13676
11013
12348
12349
13677
12346
17203
7281
17208
7298
7294
18513
18525
3702
3703
3716
3713
3727
3720
3722
3723
11082
3738
3735
11092
3749
3741
3745
3758
16086
3770
3762
3763
3764
3765
3768
3769
16052
3780
17383
3782
3783
3777
3779
16063
16069
3793
16062
3789
16032
16037
18693
16034
18691
3797
3798
17374
17344
16012
18686
16026
12554
13885
11220
11224
12555
9903
11237
12539
9911
9917
13867
11218
12543
9929
9927
9943
12516
8604
8605
13841
8603
8608
12514
8607
9950
8622
8620
8621
8615
8617
9964
7301
9965
7303
13824
8625
7314
8636
13833
13832
12501
9982
9981
9986
8654
9979
11187
11190
9994
7331
8661
11194
7336
6005
9988
7345
8677
6015
12498
6009
12497
8669
11167
8684
6027
8686
7358
6018
8679
6034
7364
6038
6043
6042
6045
12484
11153
7372
6041
7371
11154
7387
12450
6052
11129
13784
12458
13789
11127
7396
6066
12461
13793
12462
6061
6063
13796
13794
11136
12467
6076
6075
6077
6072
6074
16003
17331
16006
6090
3819
17308
3826
3827
3822
3823
3824
3836
3839
3833
3834
3842
3860
3854
3862
3865
3866
3867
3868
16197
13927
3874
3875
3876
3879
3891
3893
13937
12603
13938
3887
3888
13902
13917
17486
17487
17485
16150
17467
18791
18799
16147
17470
16148
12674
11344
10016
12683
11357
13980
11327
12652
8701
11324
11323
8705
11330
10004
8719
12668
12665
12666
8731
12637
13961
13966
12647
7403
11311
7408
11312
8751
7423
13940
8746
7419
13944
7418
6102
7434
12627
12628
12629
7429
12621
7440
6110
7443
6115
7445
7437
7436
7438
7451
7452
6124
8787
6126
7457
8785
7447
6116
7462
7464
8792
6134
7468
6136
11288
7475
7476
6148
7478
7470
11298
6139
11299
6157
7487
11262
6158
12592
6150
12597
11269
6166
11272
6169
11273
6174
11241
11240
6173
11248
6185
12583
6184
6183
3904
11253
11256
11258
3900
17443
6199
18775
6198
16114
17440
6193
6192
6194
3914
3910
17454
18785
16125
17450
17452
3925
16128
3921
18750
3937
3933
3947
3949
3941
3942
18767
18768
17400
3958
3951
3952
3969
3964
3981
3972
3973
3974
3976
4977
4985
3673
3676
3705
40
